Celeste Paquette
(0.8235294117647058, 0.4117647058823529)
(0.3111111111111111, 0.712121212121212)
6
Abby Watkins
(0.6451612903225806, 0.4596774193548387)
(0.04982142857142857, 0.8851919146036792)
25
George Clinton
(0.494949494949495, 0.5454545454545454)
(0.021529293268423705, 0.827056277056277)
23
Allan Hanbury
(0.73, 0.62)
(0.30874316939890706, 0.5779983457402812)
14
Cathie Ely
(1.0, 1.0)
(1.0, 1.0)
1
Alfred Schroeder
(0.5892857142857143, 0.7410714285714286)
(0.007547537959415355, 0.9053467000835421)
18
Guy Dunbar
(0.6862745098039216, 0.7647058823529411)
(0.1472972972972973, 0.9389277389277388)
6
Thomas Baker
(0.47, 0.73)
(0.0077536552946389, 0.9404371584699454)
20
Luke Choi
(0.45, 0.85)
(0.04, 0.9142857142857144)
5
Sidney Shorter
(0.5, 1.0)
(0.1111111111111111, 1.0)
1
Roy Tamashiro
(0.6956521739130435, 0.5652173913043478)
(0.1316137566137566, 0.911111111111111)
7
Alice Gilbreath
(0.6351351351351351, 0.7567567567567568)
(0.09588675213675213, 0.9776500638569604)
8
Mary Lemanski
(0.6776315789473685, 0.5986842105263158)
(0.20493653766125677, 0.8378427128427129)
24
Michael Howard
(0.43434343434343436, 0.5353535353535354)
(0.00827283249158249, 0.6468741468741469)
24
Edward Fox
(0.64, 0.61)
(0.03723570211438308, 0.8376104287868995)
19
Guy Crider
(0.5, 1.0)
(0.0, 1.0)
1
David Lodge
(0.71, 0.42)
(0.061732026143790864, 0.7736035215543412)
25
Paul Clough
(0.61, 0.59)
(0.03756313131313131, 0.7185729847494554)
22
Tony Abbott
(0.673469387755102, 0.40816326530612246)
(0.08883101851851852, 0.7157766602809706)
24
Miranda Bollinger
(0.5, 1.0)
(0.0, 1.0)
1
Helen Cawthorne
(0.6304347826086957, 0.6956521739130435)
(0.1895238095238095, 0.8044871794871795)
5
John Kennedy
(0.5454545454545454, 0.47474747474747475)
(0.030218467315241505, 0.8921536796536796)
27
Dan Rhone
(0.5, 1.0)
(0.1111111111111111, 1.0)
1
Christine Borgman
(0.8229166666666666, 0.3541666666666667)
(0.08490143369175628, 0.5078397212543554)
27
Louis Sidoti
(0.5, 0.6666666666666666)
(0.08333333333333333, 0.5)
2
Martin Nagel
(0.7090909090909091, 0.8181818181818182)
(0.05226337448559671, 0.8744444444444445)
9
Stacey Doughty
(1.0, 1.0)
(1.0, 1.0)
1
Armando Valencia
(0.6708860759493671, 0.5189873417721519)
(0.04069154543537845, 0.8634330925352597)
15
Todd Platts
(0.702928870292887, 0.3179916317991632)
(0.17391420675995142, 0.7635661829210215)
47
Patrick Karlsson
(0.5, 0.875)
(0.06590909090909092, 0.9688311688311689)
5
Charlotte Bergeron
(0.47619047619047616, 0.5238095238095238)
(0.08564814814814815, 0.7857142857142857)
4
Anita Coleman
(0.6262626262626263, 0.37373737373737376)
(0.05404557079748895, 0.5180555555555555)
23
Alexander Markham
(0.6875, 0.71875)
(0.06083333333333333, 0.8116666666666668)
6
Gillian Symons
(0.7333333333333333, 0.5333333333333333)
(0.24375, 0.9166666666666666)
8
Tim Whisler
(0.3939393939393939, 0.8181818181818182)
(0.0573921028466483, 0.953168044077135)
3
Elmo Hardy
(0.7090909090909091, 0.6)
(0.23717008797653957, 0.9213320463320465)
11
Cynthia Voigt
(0.7925925925925926, 0.5456790123456791)
(0.35419334186939816, 0.7191515796947107)
71
Pam Tetu
(0.5, 1.0)
(0.3333333333333333, 1.0)
1
Jane Hunter
(0.7474747474747475, 0.5656565656565656)
(0.04302685950413223, 0.8016688770999115)
22
Hannah Bassham
(0.6666666666666666, 1.0)
(0.25, 1.0)
1
Ione Westover
(1.0, 1.0)
(1.0, 1.0)
1
Paul Collins
(0.5612244897959183, 0.6020408163265306)
(0.01736111111111111, 0.8552531897926633)
24
Gregory Crane
(0.7878787878787878, 0.3939393939393939)
(0.17950450450450453, 0.8102970765771097)
26
Andrew Powell
(0.4897959183673469, 0.6530612244897959)
(0.017222222222222222, 0.732778391820945)
12
Alexander Macomb
(0.56, 0.45)
(0.03889793071378749, 0.6796287046287046)
23
Young Dawkins
(0.7540983606557377, 0.47540983606557374)
(0.11839999999999999, 0.6313725490196079)
15
Gregory Brennan
(0.5208333333333334, 0.75)
(0.008229617604617606, 0.9442884442884444)
16
Maile Doyle
(0.9230769230769231, 0.5384615384615384)
(0.45833333333333337, 0.9545454545454546)
2
Donna Harman
(0.7959183673469388, 0.3673469387755102)
(0.10334967320261439, 0.5452213279678069)
27
Average Results:
[0.6484289981079449, 0.6579112304027103]
[0.163543904071988, 0.83420349]
0.2777
0.46
